23 24 32 31 17
33 32 31 35 17
33 27 29 34 31
14 21 28 33 30
28 16 35 19 35
16 37 32 15 14
29 26 34 18 24
36 36 35 30 23
27 14 16 37 26
22 25 18 20 19
20 27 20 26 25
29 31 36 20 31
33 17 28 24 26
14 23 37 12 12
20 31 31 15 24
12 25 29 23 17
16 27 25 27 25
22 24 22 13 37
28 27 12 15 27
28 28 13 24 17
32 21 16 30 24
13 29 22 13 35
26 13 25 13 25
14 16 27 17 24
13 16 21 31 29
27 13 36 22 20
34 22 28 19 19
31 22 19 23 20
25 20 21 25 21
21 12 30 35 25
12 36 35 19 18
21 25 32 20 18
30 31 14 20 37
26 15 28 22 14
24 28 18 24 27
34 35 19 32 32
15 17 37 31 18
34 19 14 27 15
33 21 14 24 15
16 28 24 37 20
12 21 26 24 23
29 15 15 18 23
20 19 36 34 36
26 31 12 27 35
21 24 17 37 26
12 37 22 27 13
36 35 20 28 24
24 19 30 27 23
24 13 24 34 12
14 29 34 14 32
24 15 26 19 25
14 14 24 22 21
32 27 28 21 24
35 22 31 30 15
18 28 17 35 18
16 31 34 29 33
29 37 16 13 13
30 37 32 12 28
32 25 29 30 16
17 19 35 13 24
13 22 23 21 16
13 15 33 35 14
29 19 32 16 31
24 12 16 26 20
29 34 28 16 14
26 29 30 37 24
17 34 28 34 22
12 20 31 29 26
24 37 33 37 33
35 23 14 28 23
18 37 32 35 29
28 27 12 21 34
35 26 31 21 15
28 23 35 21 26
24 29 24 20 15
13 36 31 27 23
26 32 37 22 16
14 21 25 17 19
36 37 30 22 31
31 34 28 35 15
27 17 30 30 21
24 18 13 19 14
31 33 21 37 19
22 12 36 15 21
14 22 30 26 18
15 35 37 16 25
27 18 29 29 31
36 33 37 28 23
23 22 17 17 30
30 29 15 19 18
35 37 35 13 13
21 31 21 35 27
35 35 30 22 18
18 35 36 29 16
30 27 23 36 32
27 13 37 35 34
13 14 26 30 17
32 31 34 31 17
14 17 13 35 23
30 16 16 16 36
21 27 16 31 16
18 12 22 35 13
15 25 37 37 21
23 24 37 31 18
13 30 32 24 28
14 16 23 28 33
23 33 20 31 26
22 34 34 24 21
34 34 27 33 15
29 30 36 23 35
27 33 30 30 28
28 16 16 24 36
29 22 20 33 35
29 29 20 12 14
14 29 18 22 15
23 21 27 28 32
16 12 32 26 32
19 20 19 17 21
37 32 22 13 35
34 26 30 19 27
13 14 15 25 34
12 17 34 14 30
14 26 20 17 18
17 16 36 30 27
30 18 27 33 15
24 25 24 34 29
24 26 16 12 15
36 15 19 22 24
16 37 31 28 36
24 28 30 26 19
29 13 24 21 15
16 15 23 12 32
23 36 34 22 25
15 20 20 27 30
25 13 21 24 25
25 14 18 12 18
17 35 24 32 15
23 34 21 22 25
18 21 31 21 12
17 25 34 32 35
18 14 36 37 18
13 18 36 31 17
32 16 34 17 26
27 19 20 25 19
34 23 20 17 33
23 20 31 35 36
32 13 30 25 12
26 32 33 18 26
12 15 26 14 30
15 15 13 17 16
22 31 35 15 28
14 30 36 17 25
27 25 23 34 26
36 35 20 19 14
16 31 35 18 16
35 18 30 14 28
24 21 12 33 27
21 13 13 29 20
23 26 14 22 16
16 34 26 32 16
27 24 23 23 17
21 25 23 13 28
13 21 25 12 37
25 21 25 22 34
15 37 23 20 12
32 21 24 16 14
17 13 29 21 37
18 29 33 28 18
36 18 36 20 30
18 35 14 12 14
29 33 12 15 23
27 16 30 37 14
15 32 32 14 19
28 23 28 24 12
33 26 16 20 14
19 30 16 17 28
25 29 17 28 30
18 35 28 18 25
16 29 27 35 27
21 32 20 24 32
22 22 33 34 19
26 14 30 19 26
30 30 15 36 28
24 34 31 19 27
13 19 29 22 17
35 15 37 19 15
28 12 30 30 22
26 24 16 16 36
14 30 24 24 22
19 24 32 22 33
32 24 19 16 33
27 34 13 21 28
15 32 35 27 25
36 23 34 35 30
18 27 31 22 21
15 29 23 23 31
26 23 14 21 33
28 14 20 20 33
12 25 32 21 17
25 35 32 25 22